5028589006423
731452459022
5099945808821
795103008120
731452461223
5033197246925
5021229909924
035627428920
5020497200153
745099657420
724353761523
666017019628
077778040323
5013705903823
5013705116520
5013705907326
720642450321
720642450321
5013705910029
5413356983326
765449227929
745099189327
796122004124
601811003725
743214105221
5012093551425
5012093551029
5099748753823
5017556600764
5099747580925
731452416629
685738778225
5099747731860
5017556601891
724384559922
709304351022
5099748852724
731458643425
724358168525
724358168624
078221870726
5016555811522
5033197028323
730003724022
802560002520
826194002329
5038234001529
826194099824
634904012823
5028589002920
5028589006720
5021603036123
731452408921
724383988327
638592306820
5019148628262
823867482235
724358168723
5055008301623
077778772729
724352637829
077771319525
5099748028129
724384491321
5021603068124
718750886026
5026535306825
5021392029825
827236022923
724383047826
5413356761924
008811160029
094632199829
5013705303326
724384821821
724384559229
5099951830021
5030094023420
828766815221
634904014124
724383923625
828767147123
724384260927
724354278228
724352778324
724384761028
724359314228
724356330221
724384054021
724384295028
724381168226
077778718529
042284621021
801061805524
5055036260756
724359234526
008811122423
743214182123
720642463420
5038719000528
634904013820
724359672403
5013705127229
5021603021129
094633552029
094631169120
731455942422
634904018320
886971951226
5099950898626
077778622826
